1000
955
1000
1000
1000
1000
1000
1000
924
1000
1000
1000
1000
1
697
1000
1000
1000
1000
236
1000
1000
1000
390
1000
1000
1000
844
1000
1000
1000
1000
1000
1000
1000
1000
1000
1000
1000
1000
1000
67
1000
1000
1000
343
1000
1000
1000
1000
1000
985
1000
1000
1000
1000
1000
1000
1000
1000
1000
1000
1000
617
230
1000
1000
1000
1000
1000
1000
1000
1000
1000
1000
1000
1000
1000
1000
1000
1000
1000
1000
922
1000
1000
1000
1000
121
1000
1000
1000
1000
896
1000
1000
1000
1000
1000
1000
1000
1000
1000
1000
1000
1000
1000
1000
1000
1000
270
1000
1000
1000
1000
249
923
1000
1000
1000
1000
1000
1000
1000
1000
319
1000
1000
1000
1000
1000
954
305
1000
1000
1000
1000
1000
874
1000
1000
103
727
38
1000
1000
1000
288
1000
1000
1000
1000
826
1000
1000
269
1000
1000
1000
1000
1000
1000
1000
1000
1000
1000
1000
1000
1000
1000
1000
1000
1000
1000
1000
964
1000
1000
1000
1000
1000
1000
1000
1000
1000
1000
1000
1000
1000
1000
1000
1000
1000
1000
1000
1000
1000
1000
1000
1000
1000
1000
1000
943
1000
1000
1000
1000
1000
1000
1000
1000
1000
1000
1000
1000
1000
1000
1000
1000
1000
264
416
1000
1000
713
1000
40
1000
1000
1000
1000
1000
1000
1000
1000
1000
1000
1000
1000
607
1000
1000
1000
385
1000
1000
1000
61
1000
1000
8
1000
1000
1000
1000
1000
1000
37
1000
1000
607
1000
1000
1000
1000
1000
1000
1000
1000
1000
49
1000
1000
1000
1000
1000
1000
1000
1000
1000
1000
1000
1000
1000
1000
990
1000
1000
961
1000
1000
1000
1000
2
1000
1000
1000
1000
1000
1000
1000
1000
1000
1000
148
1000
1000
954
439
1000
1000
1000
1000
1000
1000
1000
1000
1000
1000
1000
1000
1000
1000
1000
1000
1000
1000
1000
1000
330
1000
1000
922
1000
1000
1000
1000
1000
1000
1000
1000
1000
1000
1000
1000
1000
1000
1000
1000
1000
1000
1000
1000
20
1000
1000
19
1000
1000
1000
1000
1000
1000
1000
1000
162
1000
1000
1000
1000
1000
1000
1000
1000
16
1000
1000
1000
1000
677
35
1000
1000
674
1000
1000
1000
1000
1000
1000
1000
1000
1000
1000
1000
1000
539
349
1000
1000
1000
1000
1000
1000
1000
1000
1000
1000
1000
1000
1000
1000
1000
1000
1000
1000
109
1000
1000
1000
1000
1000
1000
1000
1000
1000
1000
1000
1000
1000
1000
1000
1000
1000
1000
1000
1000
39
1000
1000
453
1000
1000
1000
1000
1000
485
1000
101
1000
1000
224
1000
1000
1000
1000
1000
1000
1000
1000
236
751
1000
1000
77
1000
1000
1000
1000
1000
1000
1000
93
1000
895
1000
1000
1000
1000
165
1000
1000
1000
1000
1000
1000
1000
3
1000
1000
469
1000
8
1000
1000
900
1000
1000
1000
1000
1000
1000
1000
1000
0
589
362
1000
1000
1000
1000
1000
1000
1000
1000
1000
1000
889
1000
1000
1000
1000
1000
1000
1000
1000
1000
1000
1000
1000
1000
1000
524
1000
1000
792
821
1000
1000
1000
1000
1000
1000
25
1000
1000
1000
1000
996
1000
1000
1000
1000
453
1000
983
1000
1000
404
1000
1000
1000
1000
1000
1000
1000
1000
1000
1000
1000
1000
1000
1000
1000
1000
1000
999
0
1000
1000
1000
1000
1000
1000
1000
1000
1000
1000
1000
1000
1000
561
1000
1000
1000
1000
1000
1000
1000
1000
1000
1000
1000
1000
1000
1000
1000
1000
1000
1000
1000
1000
1000
1000
1000
1000
24
1000
1000
1000
1000
405
1000
1000
1000
1000
1000
1000
1000
1000
1000
1000
435
1000
1000
1000
839
1000
1000
284
1000
129
22
1000
1000
1000
1000
1000
10
1000
356
1000
1000
1000
1000
1000
1000
1000
1000
1000
113
1000
113
1000
1000
931
1000
4
1000
1000
1000
1000
1000
1000
1000
1000
1000
1000
1000
1000
1000
1000
1000
1000
1000
1000
1000
1000
1000
172
1000
473
1000
1000
1000
1000
1000
1000
1000
1000
1000
1000
1000
1000
1000
1000
1000
211
1000
950
1000
272
1000
1000
382
1000
1000
1000
244
184
1000
12
1000
1000
351
1000
1000
1000
1000
13
1000
1000
1000
1000
258
1000
808
1000
1000
1000
1000
990
1000
1000
1000
1000
1000
1000
1000
976
1000
1000
1000
1000
1000
21
1000
1000
1000
1000
1000
1000
1000
1000
1000
1000
1000
1000
1000
1000
1000
1000
1000
1000
1000
1000
1000
1000
1000
1000
998
1000
1000
1000
1000
747
1000
1000
1000
1000
1000
1000
1000
672
1000
1000
999
188
1000
1000
1000
1000
1000
1000
1000
162
1000
22
613
1000
1000
1000
1000
1000
1000
1000
1000
1000
1000
1000
1000
1000
1000
1000
1000
1000
1000
1000
1000
1000
1000
1000
1000
1000
1000
1000
1000
1000
1000
1000
1000
1000
656
1000
1000
1000
1000
946
1000
1000
1000
1000
1000
1000
1000
1000
1000
1000
1000
1000
1000
1000
1000
1000
1000
1000
1000
1000
1000
1000
1000
1000
1000
1000
1000
1000
1000
1000
356
1000
1000
1000
1000
1000
1000
1000
1000
1000
1000
1000
1000
1000
1000
1000
1000
1000
1000
1000
1000
1000
1000
1000
1000
1000
1000
1000
1000
1000
1000
1000
1
1000
1000
1000
1000
996
1000
1000
1000
1000
1000
1000
1000
1000
1000
1000
1000
1000
1000
1000
1000
208
1000
894
667
1000
1000
1000
1000
1000
1000
1
1000
300
1000
1000
1000
1000
1000
1000
1000
1000
1000
1000
1000
1000
1000
1000
1000
1000
1000
1000
1000
1000
1000
1000
1000
1000
279
344
1000
1000
1000
1000
1000
1000
1000
1000
1000
1000
1000
1000
341
1000
1000
1000
1000
1000
1000
1000
1000
1000
993
1000
1000
1000
1000
1000
1000
