1000
580 563
-399 -925
892 -869
-383 565
-559 -200
-841 362
294 -634
71 669
815 633
693 -214
-93 688
111 -599
-768 -703
-115 -891
-788 588
-504 -378
-144 205
-676 -212
-627 890
-936 -651
756 -187
-15 -281
418 198
766 -96
174 145
597 -582
-856 925
-225 -66
425 818
-994 -841
-687 958
-40 861
631 865
-916 843
762 -135
-735 781
744 78
662 459
928 -522
618 905
-669 369
436 53
-662 -429
194 949
-235 277
-569 131
-146 199
750 640
-689 645
526 518
304 -976
-264 634
173 405
-291 -895
918 -349
-213 -273
-30 -293
300 733
-140 495
-147 -575
-372 904
931 -981
-474 952
-410 693
77 875
656 21
247 714
-626 619
-204 -648
-349 868
420 606
716 671
-645 344
129 -650
-699 -665
-846 848
-718 -202
-947 584
766 -415
361 584
-160 -358
127 115
-283 -211
-441 -621
-406 698
-170 -396
519 -681
-334 -516
-955 983
767 -802
456 -339
646 -279
77 -886
818 603
-75 -935
-739 569
-832 -109
-469 512
161 -80
-732 720
714 279
-512 -237
592 94
926 -419
125 433
377 -774
198 870
512 611
-327 -499
213 -259
493 877
265 -284
-791 -215
-933 460
-5 388
659 947
-886 187
289 501
-962 104
-446 -314
850 -366
276 -104
-366 -85
-280 -11
90 720
295 431
-466 -744
405 -697
-385 722
159 858
-992 701
945 -300
-833 -238
-264 802
-674 120
-564 90
-925 -230
881 205
640 -711
508 -847
-971 379
762 -45
862 -275
470 874
-723 578
942 858
586 -391
457 274
-157 -667
75 484
-468 633
581 712
-211 -23
-937 878
-158 185
133 33
-840 125
99 118
-617 -890
-763 163
-986 -63
-359 353
69 764
-399 34
-325 546
-941 785
548 235
409 -4
918 -849
73 -7
-87 547
-865 -727
838 -531
-641 -816
-404 459
391 -117
387 645
-170 659
232 452
814 -858
816 21
-912 -281
775 633
817 406
611 -146
875 -308
472 -337
-443 683
-888 -841
663 206
-742 -217
391 -824
-639 -727
384 -773
820 908
-242 704
-542 -959
-495 -214
-376 -206
246 813
520 -30
-211 -481
651 467
-733 -248
-93 -681
-123 926
-515 -619
632 679
373 -877
-980 -975
622 501
926 -572
-441 -336
225 -539
517 862
-292 484
700 504
535 800
-91 -212
144 566
478 969
73 390
924 159
-18 564
-215 -966
629 553
452 96
593 534
216 594
588 953
84 -369
-742 -525
-627 -880
-225 -117
-514 -851
-18 -264
985 701
-249 861
-393 14
385 -459
292 554
95 -561
-702 -587
-916 -867
154 -320
-745 477
410 -892
61 149
73 771
-250 -922
950 -570
-130 -585
162 -781
777 -401
901 393
92 -17
146 -564
971 -761
-307 -36
142 -693
-90 831
299 -648
-291 -881
-364 -326
925 -734
-289 869
-15 336
-234 294
842 653
154 -886
896 709
-142 478
90 821
532 158
313 128
-542 579
549 -176
-421 -628
-484 979
733 52
-208 -110
92 304
373 816
790 -515
-976 -209
809 489
463 713
-937 696
-902 -571
-784 -108
-691 -911
43 327
773 635
905 -933
253 -376
649 -984
378 -822
-978 719
-368 771
210 555
328 -657
-229 926
-790 -126
-853 -524
-846 795
776 -376
-433 263
982 -38
-559 260
-69 248
25 796
242 486
-946 52
-890 -349
878 974
-959 270
-681 -575
-56 -781
-549 71
-845 -75
4 -717
415 -88
528 -556
441 -131
754 -144
-589 -140
-98 461
-730 729
-162 516
359 405
-115 550
-494 603
921 935
-67 -907
-67 788
-871 -490
151 -748
708 646
352 271
916 -562
10 -264
-74 -891
-441 -852
954 654
-185 289
245 44
244 869
-458 -238
393 698
34 -453
-251 -143
-715 114
-438 909
269 755
-511 198
808 -995
-812 997
222 -189
-11 -515
985 -528
911 -995
-393 -609
170 736
-366 -223
-223 -297
938 -637
-45 345
-500 -496
-909 -74
-554 -252
988 -447
-552 -177
938 328
935 363
-571 981
741 -694
-680 -720
-773 -755
-240 -302
46 -856
-443 -81
979 -163
684 -600
285 -268
413 -28
141 -919
129 -249
32 269
-90 222
-693 -228
538 -108
814 -725
956 422
-571 606
191 -547
5 -72
530 951
254 -837
-756 840
-561 677
-959 -619
45 -835
-818 -133
95 -127
138 -839
830 611
-101 -460
938 948
-41 -8
-659 346
5 -340
-576 566
-315 643
-622 838
-227 366
-7 382
784 -664
-303 727
366 -802
-198 724
-896 -193
373 905
-769 497
-347 -687
-197 440
836 -529
77 -86
505 948
-57 -531
-523 405
735 46
-691 379
937 -569
-436 104
-297 -222
384 -584
659 -850
-160 127
24 422
953 461
-607 -177
209 -206
-228 -249
14 -85
508 441
457 -106
-76 -38
353 -336
-49 530
-358 -65
-255 -667
224 120
-316 -348
214 630
339 -663
919 2
415 -445
530 323
-963 837
341 429
822 601
505 -608
653 971
531 427
214 93
902 661
624 569
-121 -537
-796 815
-257 765
360 -351
-452 467
609 -306
-793 -830
390 -538
537 -738
472 239
344 402
-185 -305
616 379
222 -342
-805 998
742 -174
93 -242
-402 -236
381 -915
843 799
-390 818
-445 915
-107 399
640 -148
-19 -79
943 447
924 114
-245 883
-890 -147
834 -307
-322 -470
-839 -794
-755 -56
345 459
-712 765
851 -814
-595 -815
873 435
-695 147
-318 70
-918 649
-855 -548
-392 151
815 -369
599 -566
-381 -543
892 -237
-931 -671
114 -396
-857 -767
793 253
-911 500
317 -479
111 376
-984 198
-317 -900
845 847
-825 -500
-554 327
109 -576
903 -183
-368 837
372 606
-145 -395
398 -633
393 -888
-228 401
-444 256
-742 0
-301 -432
447 -103
-811 -554
320 85
743 112
877 -115
468 820
-798 303
295 -107
13 278
-398 -239
-78 -820
143 872
-458 392
1 36
-584 733
475 587
862 776
-661 -990
-88 954
91 -142
935 817
-88 -21
-599 977
-481 479
-156 968
-81 480
468 440
702 -939
946 488
922 -811
782 -811
-811 -799
986 923
504 -964
0 101
146 265
-812 -272
-759 290
-255 25
-979 -269
-43 -106
369 512
-592 499
-798 -64
485 -427
30 296
-563 58
384 -955
207 -516
-932 901
-246 -779
446 119
-767 -803
63 -863
-751 -816
237 -143
-61 618
143 -324
-393 -291
815 433
847 403
452 711
293 -519
883 -706
-909 758
804 -959
16 731
77 489
797 153
341 401
267 -360
557 707
561 89
582 -460
-924 -262
676 -102
-629 545
229 519
-451 315
342 -960
-884 -15
-648 284
-196 268
-372 -657
-73 965
276 527
971 318
591 -129
-86 -217
724 -722
-468 -836
753 -454
293 357
-524 97
566 -224
-880 -870
-402 639
-752 688
-321 14
653 -525
419 111
-778 -40
-476 -946
890 -270
-42 -309
-978 516
-957 598
124 -860
930 -741
776 22
-730 -939
891 718
311 42
-342 598
-288 436
-852 -642
-837 -782
-803 711
29 -244
7 383
313 190
-595 -789
178 -967
496 -291
-523 656
123 126
-377 490
-150 -588
493 -58
962 -277
229 197
-27 -723
894 -586
-545 546
886 -764
-127 783
470 70
-503 -913
-726 988
299 360
799 -156
-654 -387
-262 968
25 -638
184 489
-51 381
369 -85
-756 279
94 486
-566 740
-955 -522
-399 -152
-233 -159
150 -73
-984 703
-918 171
645 350
46 78
704 -859
-416 -235
214 -921
861 -563
-750 -135
-329 916
978 56
825 575
-26 -720
-954 534
593 685
730 323
-990 -555
411 -661
494 -585
283 186
-550 927
509 -532
-861 -260
561 -198
554 929
-395 -38
401 640
-199 -429
-498 132
920 -863
-599 354
-796 -737
956 -149
-35 987
897 808
764 -787
813 -252
562 680
-620 879
-936 203
-982 -108
-526 -146
859 2
129 73
280 -975
-141 -940
775 599
99 -449
838 -261
-512 570
63 -115
618 -166
32 476
-428 -871
148 678
26 -610
-561 -760
317 929
854 -93
-908 -826
845 829
-351 -224
-373 807
978 -902
8 -68
938 -94
-42 -53
977 -809
277 -859
572 -88
568 842
-598 163
278 -537
47 -782
685 857
550 770
-664 -214
-489 791
-636 417
-100 960
883 -930
-892 -388
891 -469
298 -286
-278 -365
435 -61
634 989
772 735
-562 -194
379 755
-109 -4
-787 -998
-250 570
-895 966
891 -995
569 837
537 911
582 -507
-534 651
-242 783
519 -710
156 -724
-121 383
810 145
-573 179
32 -74
904 889
616 -46
-225 -222
992 989
210 171
-961 846
-868 -201
-173 464
-19 -887
298 212
-903 78
997 -9
-149 -698
-981 978
-890 700
-474 774
-306 -663
374 -537
-275 -378
799 -945
-184 491
-431 -998
818 -6
-563 230
-842 662
-217 -680
68 -85
-306 298
870 619
946 -2
781 849
432 -750
-416 620
304 908
447 839
-847 -581
969 583
754 217
619 734
-11 545
868 465
-316 44
-830 342
-944 -538
176 835
255 -453
-365 309
604 641
-559 -891
446 -208
-804 701
-911 14
-527 848
887 -272
-480 283
451 453
612 -980
450 770
341 951
-465 -222
861 483
728 922
270 -225
-775 258
-836 938
142 -541
-642 -604
12 14
904 -712
-402 -418
-441 223
-578 962
-73 40
325 882
760 -532
101 -120
552 -224
-406 165
776 -678
367 995
-574 -167
-782 521
370 -583
615 -693
-1 -931
42 -961
833 466
941 657
-618 -217
770 497
802 430
-464 959
-781 -987
-783 -466
566 -955
-650 -889
-103 -509
-903 -741
46 404
-306 491
935 -223
-543 823
592 984
183 664
829 144
-131 -481
949 485
-459 -62
248 -434
-532 47
645 248
-510 -22
-978 492
-956 -143
630 -96
695 26
-38 498
-724 949
-334 -334
-503 344
-921 -732
-770 207
913 -937
530 -199
497 936
576 444
-377 153
-884 -118
-671 356
705 -638
217 983
-866 -68
683 -957
775 642
-369 903
-836 97
-895 -33
-925 748
233 287
108 -611
-398 808
-739 -836
-187 759
241 951
-642 -51
518 634
141 -751
577 704
438 156
955 -511
-995 -135
-845 -220
957 441
50 333
-288 503
7 530
-150 128
894 572
-442 366
545 169
426 -738
787 879
124 -646
-177 -540
-114 -272
-585 959
57 82
100 239
833 -881
-908 -536
-732 -714
-795 -994
-65 207
-530 729
540 505
-723 -320
921 -703
-62 -6
385 -378
-268 407
-389 695
587 -353
704 -399
-77 -926
176 228
225 431
-33 123
815 -749
-99 932
-610 -32
477 -280
188 748
328 251
-842 -359
-476 -161
-466 402
-697 687
153 -914
787 43
801 403
-269 -424
-776 382
-701 627
1000
1589
1226
5456
5921
6909
5915
3416
1993
1169
3687
3982
5270
4477
20
956
4026
6792
3153
1522
536
8277
3271
8877
712
2680
4686
7043
1075
3670
8793
1883
5569
8821
5119
9624
4925
7522
4023
7559
9890
1730
287
9118
1989
1904
649
3444
6894
5189
5427
1408
1300
3414
9009
6697
2275
4167
6729
5196
3053
3933
4171
5692
906
530
6971
8196
2621
5329
3516
7528
3590
5745
5003
9162
3501
5726
9157
8216
2161
7954
8742
2722
1165
9171
8879
9225
6020
391
2147
6659
1833
9682
1134
1947
8093
9216
4675
7462
6661
8526
6352
9024
9527
4178
2496
3669
5922
3483
6045
571
1624
8898
7599
7148
553
1168
2166
8626
3708
1466
8768
5835
4428
3944
615
3548
6525
7411
5210
6466
1225
604
2342
5284
9100
3065
7873
1107
6616
4522
356
979
214
1722
9522
1508
586
7537
3416
5017
5889
1062
6675
8217
570
3186
2521
7796
4622
6400
3141
5805
4077
8992
9459
5494
9110
7402
6291
3370
2115
9232
2269
4611
1247
7997
1746
7003
4437
4649
9723
5952
1862
3630
6465
3137
1926
3253
6712
4789
8772
7849
2776
9259
7717
2510
7257
8107
9355
7994
7834
1403
1191
7825
3262
4879
4456
4383
7765
2216
5566
8109
2034
7260
5120
9975
5326
8422
6182
8469
568
740
5972
3013
967
2527
228
8521
2414
8296
4143
2140
4090
2461
9239
8992
7547
5626
4164
900
2844
9517
3865
705
9489
6098
8914
275
3149
9469
77
5173
9693
5317
3874
8357
1685
205
3872
3623
900
2063
6485
7157
2710
1986
4297
1891
6486
4618
248
6800
3054
8878
9514
9273
7661
6292
9185
2744
9299
9273
4606
8554
1564
1325
8993
9711
1238
7290
3371
9306
1457
38
7857
1511
2851
1710
4367
1516
6997
8386
7351
8312
429
9824
3797
1225
760
5912
2080
2570
1988
2062
2703
5673
7719
3822
7861
6486
3504
1498
9242
2103
3816
1567
9000
4200
3060
630
5311
2944
1162
9318
2421
7631
3534
5926
6814
5396
7880
4288
7075
1899
3027
9521
2850
8131
1732
6046
6338
3470
8501
112
2578
8833
109
2960
1693
8091
6398
9357
5707
6131
5243
458
7671
4730
9700
7701
6616
9039
2127
8690
95
9985
2357
6278
3292
943
182
8543
9981
940
6394
1425
7701
5262
2789
6027
5092
2453
3541
8296
3096
2409
843
658
7392
3932
4292
6161
2537
6302
7443
4912
6823
2735
9709
4208
8530
8336
3057
5926
9050
9506
370
5168
2504
5392
8434
7254
3170
9321
5820
9323
1659
4245
8174
4866
4789
8969
9074
1933
1827
7445
5735
224
8720
4186
769
4244
9110
2105
4457
8600
796
4359
354
4706
9487
524
8202
8083
6715
5659
7064
3737
9638
8460
537
990
8889
7141
305
8813
7660
6839
6976
5765
5581
8196
338
4293
1133
4207
9075
1415
1927
460
8302
6586
4477
5302
7680
8536
4545
47
8205
8566
781
1890
78
5546
4304
1140
7702
7350
6790
2521
5152
5762
8098
8547
7
888
683
7302
2625
4345
2000
7143
4329
2669
9576
4466
6087
1128
9290
6106
7039
4424
8230
4027
6531
2362
6479
4571
3125
8396
6006
7359
828
1741
6964
1019
1058
8961
5267
5889
3465
8321
6042
139
4552
9615
4851
8355
1366
7990
1562
1519
6161
768
4436
1290
3578
6290
729
5005
6609
9266
9056
9885
5913
3417
4678
3870
4584
2515
8555
4582
6398
9570
8105
7468
1391
2
2369
3710
2718
3016
5860
7186
3351
2036
5163
5572
1849
2806
3123
863
4703
4589
3176
8631
4090
2009
6605
2194
5901
9778
2806
6023
6724
6290
7698
9118
2065
9997
6152
4167
8100
3425
2172
7639
135
7272
6814
4285
3187
730
6912
7587
5331
9632
9874
7888
9811
8355
4860
7834
756
5603
3783
9465
1071
2868
8088
582
8611
402
122
8626
9293
9061
4839
5107
83
4399
675
6569
1549
8130
7285
7647
7664
6560
8018
2381
376
1546
376
7771
6786
1177
3364
63
2931
1979
8304
2071
5144
6965
9964
4035
4492
2184
7928
4841
3407
8942
6700
7484
8825
4995
2485
2535
4875
464
2940
786
7261
9794
9683
1719
2042
8153
8271
3295
3221
8829
6189
3350
6774
9611
3107
509
9428
1213
5172
574
5073
8200
702
9049
5405
9087
548
477
9192
85
5139
8035
663
8991
1764
4548
1729
87
9213
6443
5543
4893
564
7893
1039
4440
1665
7221
2492
1322
2766
2868
3531
7170
6493
5749
7547
1275
2407
4263
1594
4658
5949
115
4233
6197
2188
5206
9179
7478
6146
7096
9183
8527
4439
1722
4775
4783
5275
6159
5541
6402
8618
5969
7697
4511
4126
6068
1385
7691
7905
9368
4886
988
9148
9544
3846
7304
6513
6815
4908
939
3938
9530
1392
486
5581
3448
7972
5845
3365
5583
7780
457
2573
120
904
2964
7683
6474
7130
8660
3590
4900
3855
2998
7654
8740
6564
9500
2855
4101
3815
8905
7809
9989
4574
4424
5287
8052
3047
2045
3538
6072
8158
7667
5786
1566
2964
5221
928
7915
3810
3512
5307
1200
5418
7733
8989
3132
5510
7093
9937
3051
4800
3476
2819
9852
9245
5128
2764
8225
3959
6187
9528
4383
2581
7412
3910
5317
5689
8837
4395
8410
7734
5821
675
4847
8555
5853
3942
7699
5889
7543
1619
2373
5821
7154
8540
2164
4594
2554
5949
9443
6950
3093
7018
5304
9663
9728
3892
4531
2874
4840
9383
4508
9592
8165
19
2085
5862
8449
4005
1359
8551
4502
3378
6248
5136
9588
8719
5233
1983
6434
5104
6254
3017
5996
8091
503
4927
1131
936
1964
9148
1603
3400
6949
3662
22
5422
599
6910
2949
7534
5730
5774
8358
5137
7111
6926
7809
9778
9591
7130
3844
6504
6887
2964
9175
9089
3488
6249
7354
4615
6962
579
650
7921
3432
9979
9778
2697
6999
4984
8990
1861
1745
1880
7307
644
8790
7690
6586
4295
5546
6038
4644
1722
8945
1338
5224
2494
1558
6001
3615
2308